// ECE:3350 SISC processor project
// Data for part4
//
00000007 //0
00000009 //1
00000000 //2
00000008 //3
00000000 //4
00000000 //5
00000020 //6
00000000 //7
00000000 //8
00000000 //9
00000000 
00000000 
00000000 
00000000 
00000000 
00000000 
00000000 
00000000 
00000000 
00000000 
00000000 
00000000 
00000000 
00000000 
00000000 
00000000 
00000000 
00000000 
00000000 
00000000 
00000000 
00000000 
00000000 
00000000 
00000000 
00000000 
00000000 
00000000 
00000000 
00000000 
00000000 
00000000 
00000000 
00000000 
00000000 
00000000 
00000000 
00000000 
00000000 
00000000 
00000000 
